1.6414201581532773e-07
1.3662108177279207e-06
5.5711714554707416e-15
3.445689056190869e-13
8.102282077228517e-18
3.791312486393641e-12
1.2710466119403461e-11
4.336887415390261e-25
1.0005041934685675e-14
0.0001302252897512697
4.2189618709914587e-07
2.77886146355692e-10
1.0690624189504404e-11
0.00023644186295573196
7.243580792100526e-10
3.8675423539837105e-05
0.0006511264487563485
8.258189106178079e-05
4.596208625214374e-12
2.660877760718402e-19
4.783154545312825e-32
7.5499567276392e-32
1.0756881603505565e-17
5.849318169012824e-16
5.545322704207865e-16
6.1792021117636095e-09
5.850879238696599e-05
4.469732038729258e-08
4.259589627655732e-19
7.502267196276934e-10
3.799107279529627e-09
6.417596614283315e-15
2.140660280929064e-12
9.113138450057291e-11
1.7867464469404012e-17
1.9601556264427795e-15
2.0117208114572995e-06
3.465165034089128e-07
4.2749048667459764e-14
9.93021774828249e-10
3.9211772800120014e-11
7.70788935393926e-10
2.2745396832850615e-09
4.727711200409068e-16
7.097811659965414e-16
1.801438558377715e-14
2.9298399059229253e-09
2.9925300688860226e-08
1.2172141683542405e-15
5.937901442053597e-17
4.121715193634279e-21
1.64020931748783e-13
8.854334633261068e-05
0.0011178597474492099
0.0011178597474492099
2.9214651140518655e-11
7.633293732602497e-10
0.0002604505795025394
2.7089736852596993e-07
8.364028258055922e-13
0.009200163159562149
4.960523776071969e-12
7.371690781177166e-14
8.337368021453547e-10
1.623087234210534e-20
2.3777518003681777e-15
6.789639715916043e-06
0.001302252897512697
0.0005209011590050788
1.0717436616963453e-18
1.0068019204640005e-15
1.5281539220392493e-18
1.1032764901917944e-08
1.920349056406043e-10
1.4213365583483668e-24
3.3505399291666145e-09
1.0604886722556467e-06
2.1270568873555175e-12
5.02053990268667e-10
4.811070454554561e-15
3.459700210903229e-08
1.7450625092297449e-06
0.0001302252897512697
5.122706373314152e-08
2.9071184638420777e-24
1.8862961703097457e-09
3.054291427132481e-53
5.567819584739429e-18
0.007292616226071103
2.0168218053943547e-16
9.883391366896717e-11
1.4328189000873184e-10
1.7850195479924816e-05
1.619334452860402e-11
6.633766893196096e-11
1.3742715091330845e-10
9.028161224981457e-10
8.53992932767953e-13
2.387390450064295e-13
3.8691569921741757e-10
1
1
